x
-1 1
1 -6.9469874256799979 1.0444658363165003
2 9.825174800575169e-05 115.30016398551612
3 -5.7359475886799984 3.059779641644349
4 8.1018296696998434e-05 135.15430181123241
5 -6.4505823278824996 0.79364102275639981
6 8.4828034519179976e-05 151.62829775990298
7 -9.470988697990002 8.048963317880002
8 3.1791779520062846e-07 42.812955460133168
9 -9.7623577165749964 8.4149724245050006
10 7.1640755550106405e-07 11.352167317776766
11 -4.5776806712200013 9.4278232145149978
12 8.5195131660498191e-07 18.466017917173559
13 -0.56770945230945002 0.70243211312293508
14 5.3845529637667709e-07 14.486241177061888
15 -0.62620162442690719 0.82894594433394009
16 1.7858889730798361e-06 25.811976868207161
17 -0.49441600293095 0.84737761478579532
18 1.0901294404476607e-06 15.316157433549423
